<?xml version="1.0" encoding="UTF-8" standalone="no"?>
<!-- Created with Inkscape (http://www.inkscape.org/) -->

<svg
   version="1.1"
   id="svg1"
   width="816"
   height="1017.3333"
   viewBox="0 0 816 1017.3333"
   sodipodi:docname="Map-Brugge-final"
   inkscape:version="1.4 (e7c3feb1, 2024-10-09)"
   xmlns:inkscape="http://www.inkscape.org/namespaces/inkscape"
   xmlns:sodipodi="http://sodipodi.sourceforge.net/DTD/sodipodi-0.dtd"
   xmlns="http://www.w3.org/2000/svg"
   xmlns:svg="http://www.w3.org/2000/svg">
  <defs
     id="defs1" />
  <sodipodi:namedview
     id="namedview1"
     pagecolor="#ffffff"
     bordercolor="#000000"
     borderopacity="0.25"
     inkscape:showpageshadow="2"
     inkscape:pageopacity="0.0"
     inkscape:pagecheckerboard="0"
     inkscape:deskcolor="#d1d1d1"
     inkscape:zoom="1"
     inkscape:cx="391.5"
     inkscape:cy="579.5"
     inkscape:window-width="3440"
     inkscape:window-height="1412"
     inkscape:window-x="0"
     inkscape:window-y="28"
     inkscape:window-maximized="0"
     inkscape:current-layer="g1" />
  <g
     inkscape:groupmode="layer"
     inkscape:label="Image"
     id="g1">
    <path
       style="display:inline;fill:none;stroke:none"
       d="m 527.4733,13.371419 c -9.6754,5.30957 -12.7678,17.848877 -24.14,22.789062 -32.2776,14.02181 -67.9728,12.795573 -100,29.599853 C 344.3202,96.72388 296.7619,144.20564 246,186.55965 221.3892,207.09407 188.42749,225.72452 168.41049,250.66666 139.65651,286.49552 124.1647,333.39395 108.59568,375.99999 77.02,462.40974 52.06627,555.89761 36.77469,646.66665 c -7.93234,47.08545 6.6057,94.22835 16.65947,140 4.3637,19.86662 5.45009,42.06364 15.85185,60 9.74888,16.81055 26.35962,32.19238 40.73354,45.08642 18.02442,16.16862 44.47815,9.41447 63.85596,25.44548 11.24963,9.30664 18.23132,21.44433 30.79116,29.90641 58.23873,39.23763 156.91653,64.91554 222.66663,31.21598 115.3861,-59.13981 208.4121,-155.35188 288.5329,-255.65429 32.7505,-41 72.6102,-86.83589 86.2881,-138.66666 11.9512,-45.28744 3.396,-95.93921 -4.4876,-141.33333 C 779.4667,337.87076 748.7448,235.45695 711.0772,136 702.3578,112.97778 694.953,89.514891 685.7325,66.666665 681.5458,56.291991 676.5025,42.420653 667.213,35.537027 659.1276,29.545654 650.6989,34.017822 642,35.652262 c -12.325,2.315755 -26.1867,2.773681 -38.6667,1.300374 -19.3065,-2.279297 -35.1739,-6.61792 -52,-16.686198 -6.4364,-3.851399 -15.9948,-11.211262 -23.86,-6.895019 M 688.6667,87.999998 C 660.4078,99.59041 614.7385,97.31429 592.9126,120.12451 581.1682,132.39843 579.9531,149.63134 572.2346,164 c -6.1765,11.49796 -18.0044,18.98445 -25.9198,29.33333 -4.3215,5.65023 -9.0945,18.81095 -15.5021,21.86312 -6.8907,3.28231 -17.38,1.86393 -24.8127,2.18937 -14.226,0.62288 -28.4237,2.04297 -42.6667,2.66667 C 416.2364,222.11474 369.1991,228 322,228 c -2.6794,-21.20093 -1.8751,-42.76465 -4.3807,-64 -0.944,-8.00114 -4.9401,-23.15218 -0.9156,-30.44035 7.3251,-13.26522 27.8225,-24.90308 39.963,-33.55965 26.796,-19.106447 55.0844,-35.533774 86.6666,-45.299318 18.2224,-5.634521 37.5721,-7.029378 56,-12.240803 8.2708,-2.33903 15.3236,-6.73641 21.0865,-13.146078 3.462,-3.850585 6.5064,-12.004801 12.3045,-12.605956 11.8908,-1.23291 29.5841,15.80607 41.2757,19.626464 19.195,6.272298 41.404,6.28418 61.3333,4.87972 7.8861,-0.555745 19.1887,-6.758301 26.6472,-3.40332 14.2136,6.393554 23.3614,36.159342 26.6862,50.189289 m 2.6666,4 L 741.5556,240 758,293.33333 c -20.0975,5.78947 -39.4458,17.76342 -58.6667,26.10083 -58.7849,25.49894 -119.9543,55.52229 -182.6666,69.89917 -14.2034,-32.08981 7.7312,-66.39698 14.0669,-97.33334 4.7089,-22.99316 -2.9504,-51.76627 5.2232,-73.33333 8.4741,-22.35986 29.035,-33.5201 40.0237,-53.33333 8.661,-15.61637 8.9781,-35.79744 24.6913,-46.9331 16.7241,-11.85197 41.8164,-12.6954 61.3282,-16.80559 10.1697,-2.14225 19.3774,-6.87166 29.3333,-9.594642 m -380,46.666662 c 0.032,47.51579 6.6667,94.92554 6.6667,142.66667 0,18.30208 0.203,36.45166 -1.5597,54.66666 -1.1766,12.15861 -3.8832,28.36886 0.8704,40 3.9291,9.61377 13.286,14.7297 19.356,22.66667 -36.2525,7.50252 -62.6816,30.56531 -85.3334,58.66666 H 250 C 221.8796,425.043 197.17704,389.34745 170.26235,355.99999 c -8.40525,-10.41414 -28.63062,-26.83862 -31.26339,-40 -1.07505,-5.37426 3.05371,-11.4187 5.33849,-16 6.13979,-12.31119 12.40331,-24.45345 19.92283,-36 19.87453,-30.51822 57.93092,-51.65266 85.73972,-74.77473 19.3256,-16.06853 39.0445,-39.01099 61.3333,-50.5586 M 530,220 l -3.0617,69.33333 -11.3992,34.66666 -8.2058,44 c -36.0425,-4.65462 -69.8497,-11.04293 -105.3333,0.8899 -13.1343,4.41695 -25.667,10.39168 -37.3333,17.89611 -7.4286,4.77849 -13.2712,11.38733 -22.6667,7.90328 -10.7205,-3.97538 -20.9812,-15.17476 -22.4198,-26.68929 -2.6777,-21.4327 2.1649,-45.21598 3.6338,-66.66666 1.5526,-22.67285 -1.214,-45.36247 -1.214,-68 L 447.3333,225.45263 530,220 m 229.3333,77.33333 c 12.5485,28.3444 17.6839,61.74768 23.7336,92 4.5973,22.9899 11.2593,47.20593 12.2664,70.66666 -64.5345,-2.77132 -103.8599,56.45557 -162.6666,76.87451 -19.8657,6.89779 -56.9341,15.34086 -74.2428,-2.72843 -7.1577,-7.47213 -4.016,-31.68266 -6.3231,-42.14608 C 544.4645,457.36632 529.265,426.63207 518,393.33333 c 60.6386,-14.02853 120.597,-42.74756 177.3333,-67.81381 20.8647,-9.21809 42.0963,-21.87874 64,-28.18619 m -623.99997,24 c 11.73554,8.97599 20.84382,23.22151 30.14816,34.66666 18.57635,22.85059 36.74633,46.00619 54.72011,69.33333 6.325,8.20874 26.6978,26.65227 26.0474,37.33334 -0.3551,5.83101 -6.4485,12.31172 -9.1708,17.33333 -6.3368,11.68897 -11.9682,23.77828 -17.1831,36 -5.867,13.74976 -13.33443,27.06368 -17.85703,41.33333 -6.9151,21.81848 -9.25702,44.55339 -14.70474,66.66667 H 186 c -19.28745,-41.31043 -38.90603,-82.82174 -61.14712,-122.66667 -7.06611,-12.65893 -14.62496,-25.0306 -22.28807,-37.33333 -3.47743,-5.58284 -9.40414,-12.06942 -10.55247,-18.66667 -1.79522,-10.3138 6.32068,-24.99906 9.54321,-34.66666 9.50168,-28.50505 17.06401,-64.16414 33.77778,-89.33333 M 571.3333,557.33332 480.6667,600.34463 434,626.66665 c -2.1132,-24.20426 -25.725,-36.74686 -32.286,-58.66666 -8.5007,-28.39998 -13.1456,-61.22502 -16.6667,-90.66667 -1.6023,-13.39778 1.3541,-26.94063 -3.1821,-40 C 376.505,421.90144 363.1051,411.64326 354,398.66666 c 36.8904,-24.8866 74.0667,-37.10559 118.6667,-31.2325 8.9526,1.17891 26.9971,-0.38786 33.6965,6.6512 6.5234,6.85421 9.1376,24.90295 12.9701,33.91463 11.7767,27.69149 22.7736,55.7052 28.7346,85.33333 2.3423,11.64213 0.2292,24.99174 2.9218,35.99899 2.6882,10.98917 15.8856,17.47204 20.3436,28.00101 m -371.99997,29.33333 c 2.61058,-20.21472 10.94385,-37.48221 18.65127,-55.99999 15.367,-36.9209 32.157,-72.93982 62.6821,-99.93209 15.3554,-13.57821 43.6135,-30.94035 65.3333,-29.08435 8.0047,0.684 14.2805,10.02494 18.9938,15.6831 19.9241,23.9181 13.7261,52.61764 18.9054,81.33334 1.3722,7.60835 9.4632,28.67863 4.7253,35.24796 -2.4936,3.45752 -9.4633,4.05245 -13.2912,5.13888 -11.9529,3.39249 -23.9758,6.65442 -36,9.78495 -45.8204,11.92961 -93.1039,31.50806 -139.99997,37.8282 M 90,451.99999 c 36.91581,50.77519 59.91287,109.86291 88.34362,165.33333 7.97494,15.55965 9.57441,30.90072 12.0175,48 0.61038,4.27201 3.62618,13.93262 0.8827,17.67798 -4.70936,6.42912 -30.70425,7.14787 -38.57715,8.72225 -36.62154,7.32332 -72.7828,16.72233 -109.33334,24.26644 -15.544,-63.09522 11.56847,-132.34412 26.8354,-193.33333 4.01564,-16.04191 8.17112,-32.06787 12.59876,-48 C 84.82273,467.27123 85.50687,458.305 90,451.99999 m 478.6667,92 c 51.2986,14.42134 102.5916,-16.4679 142.6666,-46.52677 19.6898,-14.76864 53.6643,-46.60209 82.2624,-32.48352 5.2517,2.59273 4.9313,12.68257 5.5309,17.67696 2.1674,18.05534 4.2055,36.48315 4.2067,54.66666 0,68.82853 -44.7625,124.59709 -85.8662,176 -9.6737,12.09766 -19.3681,24.16723 -29.3663,36 -2.851,3.37418 -7.8191,11.72428 -12.8189,11.72428 -4.986,0 -9.0507,-6.8116 -11.4692,-10.39095 -8.3285,-12.32666 -12.2982,-26.07234 -16.9238,-40 -12.6112,-37.97229 -26.9753,-76.49723 -45.537,-112 -9.823,-18.78828 -23.3376,-35.87622 -32.6852,-54.66666 m -177.3334,-5.33333 c 3.8232,11.29353 3.0589,23.82959 8.3653,34.66666 7.5722,15.46476 35.3922,36.58036 27.9784,56 -3.2708,8.5673 -13.2448,14.16398 -20.3437,19.22839 -18.6538,13.30791 -38.7689,24.50131 -58.6666,35.81279 -10.957,6.22884 -21.7455,9.92757 -26.6667,22.29215 -4.7945,-2.48665 -10.465,-9.9637 -16,-9.7644 -6.5171,0.23462 -14.5541,6.93245 -21.3333,8.56583 -19.6901,4.74398 -42.6871,3.55876 -62.6667,1.41976 -5.5578,-0.59505 -14.67989,0.12679 -19.42285,-3.12654 -6.23942,-4.27979 -5.40475,-19.66341 -6.28599,-26.42798 -2.89368,-22.21236 -6.08964,-41.71346 -2.39815,-64 0.958,-5.78369 0.77998,-15.9543 5.09155,-20.36316 3.66833,-3.7511 11.47048,-4.53853 16.34874,-5.80863 12.0263,-3.13111 24.0511,-6.41378 36,-9.82821 46.4857,-13.28332 93.9527,-23.94279 140,-38.66666 m 281.3334,227.99999 c -12.1986,17.38534 -28.6668,32.27751 -42.8931,48 -4.2685,4.71753 -11.7088,15.15381 -18.4403,15.97021 -5.0039,0.60678 -10.7168,-4.93147 -14.6666,-7.40437 -12.9808,-8.1272 -25.6586,-16.74048 -38.6667,-24.82202 -20.1527,-12.52019 -40.1897,-25.3606 -60,-38.41455 -7.007,-4.61735 -19.3861,-9.49675 -23.963,-16.68628 -3.1049,-4.87736 -2.5721,-13.64722 -4.3107,-19.30965 -3.7372,-12.17212 -9.6314,-23.65585 -15.9269,-34.66667 -6.9044,-12.07568 -28.529,-34.55058 -25.9177,-49.27983 1.5771,-8.89599 19.0691,-16.09867 26.1183,-20.31994 27.7763,-16.63322 57.0013,-31.35702 86.6667,-44.2994 7.6199,-3.32442 29.0649,-18.0074 36.3189,-10.98974 10.1413,9.81083 16.4436,27.08736 22.677,39.55558 14.5948,29.1934 26.4792,59.94096 37.4146,90.66666 9.3702,26.32796 15.4171,51.40007 35.5895,72 m -249.3334,-124 c 6.0577,25.50354 28.4859,47.50114 38.6512,72 3.2909,7.93115 9.9016,22.1377 5.3118,30.58952 -4.9409,9.09839 -21.8923,7.6154 -30.6296,10.40535 -18.8256,6.01132 -36.3004,17.21599 -53.3334,27.00513 -6.962,4.00122 -16.028,7.42481 -20,14.66667 L 286,810.11522 l -88,15.2181 v 2.66666 l 1.33333,1.33334 163.99997,-28 62.4815,129.33333 L 442,965.33331 c -61.8877,36.12179 -135.3817,24.1862 -198.6667,-3.04117 -18.1512,-7.80925 -53.05459,-21.32788 -59.31479,-42.29216 -5.03095,-16.84782 5.74075,-45.38859 8.28601,-62.66666 7.18089,-48.74602 18.06511,-99.361 9.69548,-148 34.2241,0.70638 73.4359,12.42594 104,-9.33333 h 1.3333 l 16,14.66666 c 4.4434,-16.24593 15.6388,-20.17456 29.3334,-28.00097 23.4168,-13.38282 46.3277,-33.16732 70.6666,-43.99903 M 194,689.33332 l 7.94753,52 -22.6142,172 c -8.73819,-2.78931 -15.0869,-10.19434 -24,-12.59571 C 143.27635,897.48924 128.85314,899.5987 118,892.39606 111.05394,887.78636 106.42762,880.53253 100.6142,874.71914 92.19613,866.30109 82.84064,859.48501 76.26543,849.33332 63.2108,829.17788 62.07764,804.18293 56.8251,781.33332 52.2815,761.56769 45.54033,740.29605 44.66667,719.99999 92.74585,710.07632 144.67992,689.74169 194,689.33332 m 413.3333,145.33333 c -7.3183,15.6936 -27.2336,28.82161 -40,40.22119 -35.7334,31.90788 -76.6001,69.05599 -121.3333,87.77881 -15.8562,-38.08521 -36.5385,-75.08529 -54.9959,-112 -8.5812,-17.16252 -21.075,-35.40609 -23.6708,-54.66667 30.8091,-14.40136 55.6498,-32.53971 89.3334,-40.02058 5.2729,-1.17107 10.826,-6.23666 16,-6.25928 10.5063,-0.0459 28.4701,16.72648 37.3333,22.35083 32.5272,20.64111 65.391,41.06445 97.3333,62.5957 z"
       id="path1" />
    <path
       style="display:inline;fill:none;stroke:none"
       d="m 527.4733,13.371419 c -9.6754,5.30957 -12.7678,17.848877 -24.14,22.789062 -32.2776,14.02181 -67.9728,12.795573 -100,29.599853 C 344.3202,96.72388 296.7619,144.20564 246,186.55965 221.3892,207.09407 188.42749,225.72452 168.41049,250.66666 139.65651,286.49552 124.1647,333.39395 108.59568,375.99999 77.02,462.40974 52.06627,555.89761 36.77469,646.66665 c -7.93234,47.08545 6.6057,94.22835 16.65947,140 4.3637,19.86662 5.45009,42.06364 15.85185,60 9.74888,16.81055 26.35962,32.19238 40.73354,45.08642 18.02442,16.16862 44.47815,9.41447 63.85596,25.44548 11.24963,9.30664 18.23132,21.44433 30.79116,29.90641 58.23873,39.23763 156.91653,64.91554 222.66663,31.21598 115.3861,-59.13981 208.4121,-155.35188 288.5329,-255.65429 32.7505,-41 72.6102,-86.83589 86.2881,-138.66666 11.9512,-45.28744 3.396,-95.93921 -4.4876,-141.33333 C 779.4667,337.87076 748.7448,235.45695 711.0772,136 702.3578,112.97778 694.953,89.514891 685.7325,66.666665 681.5458,56.291991 676.5025,42.420653 667.213,35.537027 659.1276,29.545654 650.6989,34.017822 642,35.652262 c -12.325,2.315755 -26.1867,2.773681 -38.6667,1.300374 -19.3065,-2.279297 -35.1739,-6.61792 -52,-16.686198 -6.4364,-3.851399 -15.9948,-11.211262 -23.86,-6.895019 M 688.6667,87.999998 C 660.4078,99.59041 614.7385,97.31429 592.9126,120.12451 581.1682,132.39843 579.9531,149.63134 572.2346,164 c -6.1765,11.49796 -18.0044,18.98445 -25.9198,29.33333 -4.3215,5.65023 -9.0945,18.81095 -15.5021,21.86312 -6.8907,3.28231 -17.38,1.86393 -24.8127,2.18937 -14.226,0.62288 -28.4237,2.04297 -42.6667,2.66667 C 416.2364,222.11474 369.1991,228 322,228 c -2.6794,-21.20093 -1.8751,-42.76465 -4.3807,-64 -0.944,-8.00114 -4.9401,-23.15218 -0.9156,-30.44035 7.3251,-13.26522 27.8225,-24.90308 39.963,-33.55965 26.796,-19.106447 55.0844,-35.533774 86.6666,-45.299318 18.2224,-5.634521 37.5721,-7.029378 56,-12.240803 8.2708,-2.33903 15.3236,-6.73641 21.0865,-13.146078 3.462,-3.850585 6.5064,-12.004801 12.3045,-12.605956 11.8908,-1.23291 29.5841,15.80607 41.2757,19.626464 19.195,6.272298 41.404,6.28418 61.3333,4.87972 7.8861,-0.555745 19.1887,-6.758301 26.6472,-3.40332 14.2136,6.393554 23.3614,36.159342 26.6862,50.189289 m 2.6666,4 L 741.5556,240 758,293.33333 c -20.0975,5.78947 -39.4458,17.76342 -58.6667,26.10083 -58.7849,25.49894 -119.9543,55.52229 -182.6666,69.89917 -14.2034,-32.08981 7.7312,-66.39698 14.0669,-97.33334 4.7089,-22.99316 -2.9504,-51.76627 5.2232,-73.33333 8.4741,-22.35986 29.035,-33.5201 40.0237,-53.33333 8.661,-15.61637 8.9781,-35.79744 24.6913,-46.9331 16.7241,-11.85197 41.8164,-12.6954 61.3282,-16.80559 10.1697,-2.14225 19.3774,-6.87166 29.3333,-9.594642 m -380,46.666662 c 0.032,47.51579 6.6667,94.92554 6.6667,142.66667 0,18.30208 0.203,36.45166 -1.5597,54.66666 -1.1766,12.15861 -3.8832,28.36886 0.8704,40 3.9291,9.61377 13.286,14.7297 19.356,22.66667 -36.2525,7.50252 -62.6816,30.56531 -85.3334,58.66666 H 250 C 221.8796,425.043 197.17704,389.34745 170.26235,355.99999 c -8.40525,-10.41414 -28.63062,-26.83862 -31.26339,-40 -1.07505,-5.37426 3.05371,-11.4187 5.33849,-16 6.13979,-12.31119 12.40331,-24.45345 19.92283,-36 19.87453,-30.51822 57.93092,-51.65266 85.73972,-74.77473 19.3256,-16.06853 39.0445,-39.01099 61.3333,-50.5586 M 530,220 l -3.0617,69.33333 -11.3992,34.66666 -8.2058,44 c -36.0425,-4.65462 -69.8497,-11.04293 -105.3333,0.8899 -13.1343,4.41695 -25.667,10.39168 -37.3333,17.89611 -7.4286,4.77849 -13.2712,11.38733 -22.6667,7.90328 -10.7205,-3.97538 -20.9812,-15.17476 -22.4198,-26.68929 -2.6777,-21.4327 2.1649,-45.21598 3.6338,-66.66666 1.5526,-22.67285 -1.214,-45.36247 -1.214,-68 L 447.3333,225.45263 530,220 m 229.3333,77.33333 c 12.5485,28.3444 17.6839,61.74768 23.7336,92 4.5973,22.9899 11.2593,47.20593 12.2664,70.66666 -64.5345,-2.77132 -103.8599,56.45557 -162.6666,76.87451 -19.8657,6.89779 -56.9341,15.34086 -74.2428,-2.72843 -7.1577,-7.47213 -4.016,-31.68266 -6.3231,-42.14608 C 544.4645,457.36632 529.265,426.63207 518,393.33333 c 60.6386,-14.02853 120.597,-42.74756 177.3333,-67.81381 20.8647,-9.21809 42.0963,-21.87874 64,-28.18619 m -623.99997,24 c 11.73554,8.97599 20.84382,23.22151 30.14816,34.66666 18.57635,22.85059 36.74633,46.00619 54.72011,69.33333 6.325,8.20874 26.6978,26.65227 26.0474,37.33334 -0.3551,5.83101 -6.4485,12.31172 -9.1708,17.33333 -6.3368,11.68897 -11.9682,23.77828 -17.1831,36 -5.867,13.74976 -13.33443,27.06368 -17.85703,41.33333 -6.9151,21.81848 -9.25702,44.55339 -14.70474,66.66667 H 186 c -19.28745,-41.31043 -38.90603,-82.82174 -61.14712,-122.66667 -7.06611,-12.65893 -14.62496,-25.0306 -22.28807,-37.33333 -3.47743,-5.58284 -9.40414,-12.06942 -10.55247,-18.66667 -1.79522,-10.3138 6.32068,-24.99906 9.54321,-34.66666 9.50168,-28.50505 17.06401,-64.16414 33.77778,-89.33333 M 571.3333,557.33332 480.6667,600.34463 434,626.66665 c -2.1132,-24.20426 -25.725,-36.74686 -32.286,-58.66666 -8.5007,-28.39998 -13.1456,-61.22502 -16.6667,-90.66667 -1.6023,-13.39778 1.3541,-26.94063 -3.1821,-40 C 376.505,421.90144 363.1051,411.64326 354,398.66666 c 36.8904,-24.8866 74.0667,-37.10559 118.6667,-31.2325 8.9526,1.17891 26.9971,-0.38786 33.6965,6.6512 6.5234,6.85421 9.1376,24.90295 12.9701,33.91463 11.7767,27.69149 22.7736,55.7052 28.7346,85.33333 2.3423,11.64213 0.2292,24.99174 2.9218,35.99899 2.6882,10.98917 15.8856,17.47204 20.3436,28.00101 m -371.99997,29.33333 c 2.61058,-20.21472 10.94385,-37.48221 18.65127,-55.99999 15.367,-36.9209 32.157,-72.93982 62.6821,-99.93209 15.3554,-13.57821 43.6135,-30.94035 65.3333,-29.08435 8.0047,0.684 14.2805,10.02494 18.9938,15.6831 19.9241,23.9181 13.7261,52.61764 18.9054,81.33334 1.3722,7.60835 9.4632,28.67863 4.7253,35.24796 -2.4936,3.45752 -9.4633,4.05245 -13.2912,5.13888 -11.9529,3.39249 -23.9758,6.65442 -36,9.78495 -45.8204,11.92961 -93.1039,31.50806 -139.99997,37.8282 M 90,451.99999 c 36.91581,50.77519 59.91287,109.86291 88.34362,165.33333 7.97494,15.55965 9.57441,30.90072 12.0175,48 0.61038,4.27201 3.62618,13.93262 0.8827,17.67798 -4.70936,6.42912 -30.70425,7.14787 -38.57715,8.72225 -36.62154,7.32332 -72.7828,16.72233 -109.33334,24.26644 -15.544,-63.09522 11.56847,-132.34412 26.8354,-193.33333 4.01564,-16.04191 8.17112,-32.06787 12.59876,-48 C 84.82273,467.27123 85.50687,458.305 90,451.99999 m 478.6667,92 c 51.2986,14.42134 102.5916,-16.4679 142.6666,-46.52677 19.6898,-14.76864 53.6643,-46.60209 82.2624,-32.48352 5.2517,2.59273 4.9313,12.68257 5.5309,17.67696 2.1674,18.05534 4.2055,36.48315 4.2067,54.66666 0,68.82853 -44.7625,124.59709 -85.8662,176 -9.6737,12.09766 -19.3681,24.16723 -29.3663,36 -2.851,3.37418 -7.8191,11.72428 -12.8189,11.72428 -4.986,0 -9.0507,-6.8116 -11.4692,-10.39095 -8.3285,-12.32666 -12.2982,-26.07234 -16.9238,-40 -12.6112,-37.97229 -26.9753,-76.49723 -45.537,-112 -9.823,-18.78828 -23.3376,-35.87622 -32.6852,-54.66666 m -177.3334,-5.33333 c 3.8232,11.29353 3.0589,23.82959 8.3653,34.66666 7.5722,15.46476 35.3922,36.58036 27.9784,56 -3.2708,8.5673 -13.2448,14.16398 -20.3437,19.22839 -18.6538,13.30791 -38.7689,24.50131 -58.6666,35.81279 -10.957,6.22884 -21.7455,9.92757 -26.6667,22.29215 -4.7945,-2.48665 -10.465,-9.9637 -16,-9.7644 -6.5171,0.23462 -14.5541,6.93245 -21.3333,8.56583 -19.6901,4.74398 -42.6871,3.55876 -62.6667,1.41976 -5.5578,-0.59505 -14.67989,0.12679 -19.42285,-3.12654 -6.23942,-4.27979 -5.40475,-19.66341 -6.28599,-26.42798 -2.89368,-22.21236 -6.08964,-41.71346 -2.39815,-64 0.958,-5.78369 0.77998,-15.9543 5.09155,-20.36316 3.66833,-3.7511 11.47048,-4.53853 16.34874,-5.80863 12.0263,-3.13111 24.0511,-6.41378 36,-9.82821 46.4857,-13.28332 93.9527,-23.94279 140,-38.66666 m 281.3334,227.99999 c -12.1986,17.38534 -28.6668,32.27751 -42.8931,48 -4.2685,4.71753 -11.7088,15.15381 -18.4403,15.97021 -5.0039,0.60678 -10.7168,-4.93147 -14.6666,-7.40437 -12.9808,-8.1272 -25.6586,-16.74048 -38.6667,-24.82202 -20.1527,-12.52019 -40.1897,-25.3606 -60,-38.41455 -7.007,-4.61735 -19.3861,-9.49675 -23.963,-16.68628 -3.1049,-4.87736 -2.5721,-13.64722 -4.3107,-19.30965 -3.7372,-12.17212 -9.6314,-23.65585 -15.9269,-34.66667 -6.9044,-12.07568 -28.529,-34.55058 -25.9177,-49.27983 1.5771,-8.89599 19.0691,-16.09867 26.1183,-20.31994 27.7763,-16.63322 57.0013,-31.35702 86.6667,-44.2994 7.6199,-3.32442 29.0649,-18.0074 36.3189,-10.98974 10.1413,9.81083 16.4436,27.08736 22.677,39.55558 14.5948,29.1934 26.4792,59.94096 37.4146,90.66666 9.3702,26.32796 15.4171,51.40007 35.5895,72 m -249.3334,-124 c 6.0577,25.50354 28.4859,47.50114 38.6512,72 3.2909,7.93115 9.9016,22.1377 5.3118,30.58952 -4.9409,9.09839 -21.8923,7.6154 -30.6296,10.40535 -18.8256,6.01132 -36.3004,17.21599 -53.3334,27.00513 -6.962,4.00122 -16.028,7.42481 -20,14.66667 L 286,810.11522 l -88,15.2181 v 2.66666 l 1.33333,1.33334 163.99997,-28 62.4815,129.33333 L 442,965.33331 c -61.8877,36.12179 -135.3817,24.1862 -198.6667,-3.04117 -18.1512,-7.80925 -53.05459,-21.32788 -59.31479,-42.29216 -5.03095,-16.84782 5.74075,-45.38859 8.28601,-62.66666 7.18089,-48.74602 18.06511,-99.361 9.69548,-148 34.2241,0.70638 73.4359,12.42594 104,-9.33333 h 1.3333 l 16,14.66666 c 4.4434,-16.24593 15.6388,-20.17456 29.3334,-28.00097 23.4168,-13.38282 46.3277,-33.16732 70.6666,-43.99903 M 194,689.33332 l 7.94753,52 -22.6142,172 c -8.73819,-2.78931 -15.0869,-10.19434 -24,-12.59571 C 143.27635,897.48924 128.85314,899.5987 118,892.39606 111.05394,887.78636 106.42762,880.53253 100.6142,874.71914 92.19613,866.30109 82.84064,859.48501 76.26543,849.33332 63.2108,829.17788 62.07764,804.18293 56.8251,781.33332 52.2815,761.56769 45.54033,740.29605 44.66667,719.99999 92.74585,710.07632 144.67992,689.74169 194,689.33332 m 413.3333,145.33333 c -7.3183,15.6936 -27.2336,28.82161 -40,40.22119 -35.7334,31.90788 -76.6001,69.05599 -121.3333,87.77881 -15.8562,-38.08521 -36.5385,-75.08529 -54.9959,-112 -8.5812,-17.16252 -21.075,-35.40609 -23.6708,-54.66667 30.8091,-14.40136 55.6498,-32.53971 89.3334,-40.02058 5.2729,-1.17107 10.826,-6.23666 16,-6.25928 10.5063,-0.0459 28.4701,16.72648 37.3333,22.35083 32.5272,20.64111 65.391,41.06445 97.3333,62.5957 z"
       id="path2" />
    <path
       style="fill:none;stroke:#c02828;stroke-width:1.33417"
       d="M 531.39075,13.788582 C 504.87424,38.53732 504.87424,38.183766 504.87424,38.183766 l -57.27565,13.788582 -46.31549,16.61701 -74.24621,50.911692 -13.78859,15.55635 6.01041,94.7523 213.54625,-12.37436 18.73833,-26.51651 18.73833,-19.79899 10.25305,-20.5061 10.96015,-26.16295 15.2028,-12.37437 26.5165,-8.13172 22.27387,-3.53554 L 693.3182,88.741901 673.51921,42.77996 660.43773,34.294679 629.67859,39.59798 590.43416,38.183766 558.2608,26.162951 Z"
       id="path4" />
    <path
       style="fill:none;stroke:#c02828;stroke-width:1.33417"
       d="m 692.96465,89.095455 69.65001,206.828735 -23.33452,6.01041 -137.88582,62.22539 -85.55992,27.93072 -6.71752,-21.56676 10.96016,-51.61879 10.25305,-30.75915 -0.35356,-54.44722 6.01041,-18.38477 16.97056,-25.8094 18.38478,-18.03123 20.5061,-45.60838 14.84924,-13.78859 25.8094,-7.77817 21.92031,-3.53553 z"
       id="path5" />
    <path
       style="fill:none;stroke:#c02828;stroke-width:1.33417"
       d="m 319.61227,229.8097 0.7071,83.4386 -3.18198,46.66905 2.47488,17.67767 19.79899,20.15254 15.55634,-1.06066 49.49748,-26.5165 32.52691,-6.01041 28.63783,0.35356 42.77996,4.59619 12.02081,-51.26524 10.25305,-29.69849 -0.35355,-56.92209 5.3033,-14.84924 z"
       id="path6" />
    <path
       style="fill:none;stroke:#c02828;stroke-width:1.33417"
       d="m 312.18764,135.0574 -30.75914,22.98097 -32.17336,28.63782 -76.72109,61.16474 -38.89087,66.82159 118.44039,147.07821 22.62741,-27.93072 30.05204,-22.62742 33.58758,-12.37437 -18.38478,-20.50609 -2.82843,-18.73833 3.88909,-48.08326 -1.41421,-82.02439 z"
       id="path7" />
    <path
       style="fill:none;stroke:#c02828;stroke-width:1.33417"
       d="m 132.93607,314.66252 -45.254829,127.98633 37.476659,61.87184 62.2254,126.21856 10.25305,-43.48707 7.42462,-32.52691 36.416,-78.84241 9.89949,-14.49568 z"
       id="path8" />
    <path
       style="fill:none;stroke:#c02828;stroke-width:1.33417"
       d="m 86.974134,442.29529 -45.608387,185.96909 -5.303301,39.95153 4.596194,51.26524 95.45942,-23.68808 25.10229,-4.59619 33.94112,-4.59619 -7.07107,-55.50789 -62.9325,-127.27922 z"
       id="path9" />
    <path
       style="fill:none;stroke:#c02828;stroke-width:1.33417"
       d="m 40.65864,719.8347 23.688077,112.07643 14.495689,27.22361 37.830214,36.416 34.64823,8.48528 30.05204,15.55635 22.98097,-178.54446 -9.54594,-55.15433 -56.56854,9.19239 z"
       id="path10" />
    <path
       style="fill:none;stroke:#c02828;stroke-width:1.33417"
       d="m 192.6866,828.02204 172.88761,-29.34493 28.99137,65.05382 50.55814,102.88404 -62.9325,24.04163 -66.11449,-1.76777 -87.68124,-28.28427 -33.94113,-21.56675 -13.43502,-19.44544 z"
       id="path11" />
    <path
       style="fill:none;stroke:#c02828;stroke-width:1.33417"
       d="m 365.22065,797.97 51.97235,-32.17336 56.9221,-18.73833 138.59293,89.09546 -81.67084,73.5391 -58.33631,42.42641 -26.87005,14.14214 z"
       id="path12" />
    <path
       style="fill:none;stroke:#c02828;stroke-width:1.33417"
       d="m 198.69701,704.27835 69.29646,7.42463 37.83021,-13.43503 17.32412,12.37437 8.83883,-15.2028 92.98455,-56.9221 4.24264,16.26346 26.16295,42.77996 13.78858,28.28427 4.24264,21.56676 -55.15433,17.67767 -52.67945,32.17336 -172.18051,30.75914 11.66727,-87.32769 z"
       id="path13" />
    <path
       style="fill:none;stroke:#c02828;stroke-width:1.33417"
       d="m 197.28279,587.95929 67.88225,-14.84924 127.63278,-37.47666 8.48528,39.24442 29.34493,38.18377 -4.24264,25.45584 -94.39876,55.86144 -8.83883,15.9099 -17.67767,-11.66726 -38.18377,13.78858 -68.58935,-8.48528 -10.96016,-73.89266 z"
       id="path14" />
    <path
       style="fill:none;stroke:#c02828;stroke-width:1.33417"
       d="m 197.63635,586.54508 9.54594,-35.35534 42.77996,-88.38835 33.58757,-36.416 20.85965,-14.49569 33.58757,-12.72792 14.49569,-2.12132 24.74874,32.17336 6.71751,25.45584 1.06066,36.416 7.42462,43.13351 -133.64318,39.95154 z"
       id="path15" />
    <path
       style="fill:none;stroke:#c02828;stroke-width:1.33417"
       d="m 352.13918,397.39401 51.26524,-26.87006 32.88046,-6.36396 72.1249,4.94975 43.84062,124.80435 1.76776,39.59798 21.92031,24.39518 -147.78531,71.77134 2.82842,-15.9099 -29.69848,-38.89088 -16.61701,-82.73149 -0.70711,-39.95153 -6.01041,-22.98097 z"
       id="path16" />
    <path
       style="display:inline;fill:none;stroke:#c02828;stroke-width:1.33417"
       d="m 516.89506,391.73716 85.55992,-27.93072 137.17871,-62.57895 23.68808,-4.94975 37.83021,166.8772 -26.16295,-2.12132 -31.1127,10.25305 -98.99495,65.05382 -43.84062,10.25305 -32.52691,-2.47487 -14.84924,-10.96016 -1.41421,-40.65864 z"
       id="path17" />
    <path
       style="display:inline;fill:none;stroke:#c02828;stroke-width:1.33417"
       d="m 612.70803,836.15377 65.76093,-70.71068 -17.32412,-14.49569 -63.99316,-158.74547 -21.56676,-34.64823 -147.07821,71.41778 -1.76777,9.54594 -1.76776,0.70711 4.24264,14.84924 41.36574,71.06423 2.82843,22.27387 z"
       id="path18" />
    <path
       style="display:inline;fill:none;stroke:#c02828;stroke-width:1.33417"
       d="m 678.82251,765.44309 97.58074,-124.09724 23.33452,-51.61879 7.77817,-41.0122 -6.71751,-85.91347 -25.45584,-2.12132 -31.46626,9.89949 -97.93428,64.70027 -44.19418,10.96016 -31.8198,-2.12132 -15.90991,-11.66726 21.92031,24.39518 20.85965,34.64823 63.99317,160.15969 z"
       id="path19" />
  </g>
</svg>
